
ans =

  -20.3193
  -20.3193
  -20.3193
  -20.3193
  -20.3193
  -20.2510
  -20.2510
  -20.2510
  -20.2510
  -20.2510
  -20.2510
  -20.2510
  -20.2510
  -20.2510
  -20.2510
  -20.2510
  -20.2510
  -20.2510
  -20.2510
  -20.2510
  -20.2510
  -20.2510
  -20.2510
  -20.2510
  -20.2412
  -20.2281
  -20.2281
  -20.2281
  -20.2281
  -20.2281
  -20.2281
  -20.1975
  -20.1975
  -20.1975
  -20.1975
  -20.1975
  -20.1975
  -20.1975
  -20.1975
  -20.1975
  -20.1975
  -20.1975
  -20.1975
  -20.1975
  -20.1975
  -20.1975
  -20.1975
  -20.1975
  -20.1975
  -20.1975
  -20.1975
  -20.0784
  -20.0784
  -20.0784
  -20.0784
  -20.0784
  -20.0784
  -20.0784
  -20.0784
  -20.0784
  -20.0784
  -20.0784
  -20.0784
  -20.0784
  -20.0784
  -20.0784
  -20.0784
  -20.0784
  -20.0784
  -20.0784
  -19.2661
  -19.2661
  -19.2661
  -19.2661
  -19.2661
  -19.2661
  -19.2661
  -19.2661
  -19.2661
  -19.2661
  -19.2661
  -19.2661
  -19.2661
  -19.2661
  -18.9371
  -18.9371
  -18.9371
  -18.9371
  -18.9371
  -18.9371
  -18.9005
  -18.9005
  -18.9005
  -18.9005
  -18.9005
  -18.9005
  -18.7705
  -18.7705
  -18.7705
  -17.8920


n =

     1


num_of_element =

     8


num_of_element =

    13


num_of_element =

    19


num_of_element =

    24


num_of_element =

    36


num_of_element =

    19


allElementPoint =

  1¡Á2 cell Êý×é

    [1¡Á119 double]    [1¡Á119 double]

>> 