

ans =

  -20.9900
  -20.9900
  -20.9900
  -20.9900
  -20.9900
  -20.9900
  -20.9900
  -20.8665
  -20.8665
  -20.8665
  -20.8665
  -20.8665
  -20.8665
  -20.8665
  -20.8665
  -20.8450
  -20.8450
  -20.8450
  -20.8362
  -20.8362
  -20.8362
  -20.8362
  -20.8362
  -20.8362
  -20.8362
  -20.8362
  -20.8362
  -20.8362
  -20.8362
  -20.8362
  -20.6296
  -20.6296
  -20.6296
  -20.6296
  -20.4781
  -20.4781
  -20.4781
  -20.4781
  -19.7278
  -19.7278
  -19.7278
  -19.7278
  -19.7278
  -19.7278
  -19.7278
  -19.7278
  -19.7278
  -19.7278
  -19.7278
  -19.7278
  -19.7278
  -19.7278
  -19.7278
  -19.7278
  -19.7278
  -19.7278
  -19.7278
  -19.7278
  -19.7278
  -19.7278
  -19.7278
  -19.7278
  -19.7278
  -19.7278
  -19.7278
  -19.7278
  -19.7278
  -19.7278
  -19.7278
  -19.7278
  -19.7278
  -19.7278
  -19.7278
  -19.7278
  -19.7278
  -19.6623
  -19.6623
  -19.6157
  -19.6157
  -19.6157
  -19.6157
  -19.6157
  -19.6157
  -19.6157
  -19.6157
  -19.6157
  -19.3784
  -19.3784
  -19.3784
  -19.3784
  -19.3784
  -19.3784
  -19.3784
  -19.3784
  -19.3784
  -19.3784
  -19.3784
  -18.8012
  -18.8012
  -16.5143


n =

     1


num_of_element =

     6


num_of_element =

    11


num_of_element =

    16


num_of_element =

    22


num_of_element =

    30


num_of_element =

    34


allElementPoint =

  1¡Á2 cell Êý×é

    [1¡Á119 double]    [1¡Á119 double]