ans =

  -21.1990


ans =

  -21.1990
  -21.1990
  -21.1990
  -21.1990
  -21.1990
  -21.1990
  -21.1990
  -21.1990
  -21.1990
  -21.1990
  -21.1990
  -21.1990
  -21.1990
  -21.1990
  -21.1990
  -21.1990
  -21.1990
  -21.1990
  -21.1990
  -21.1990
  -21.1990
  -21.1990
  -21.1990
  -21.1990
  -21.1990
  -21.1990
  -21.1990
  -21.1990
  -21.1990
  -21.1990
  -21.1990
  -21.1990
  -21.1990
  -21.1990
  -21.1990
  -21.1990
  -21.1354
  -21.1354
  -21.1354
  -21.1354
  -21.1354
  -21.1354
  -21.1354
  -21.1354
  -21.1354
  -21.1354
  -21.1354
  -21.1354
  -21.1218
  -21.1218
  -21.1218
  -21.1218
  -21.1218
  -21.1218
  -21.1218
  -21.1218
  -21.1218
  -21.1218
  -21.1218
  -21.1218
  -21.1218
  -21.1218
  -21.1218
  -21.1218
  -21.1218
  -21.1218
  -20.6855
  -20.6855
  -20.6855
  -20.6855
  -20.6261
  -20.6261
  -20.6261
  -20.6261
  -20.6261
  -20.6261
  -20.6261
  -20.6261
  -20.6203
  -20.6203
  -20.4711
  -20.4711
  -20.3899
  -20.3899
  -20.3899
  -20.3713
  -20.3713
  -20.3713
  -20.3713
  -20.3713
  -20.1031
  -20.0026
  -19.8187
  -19.2129
  -19.2129
  -19.2129
  -19.2129
  -19.1445
  -18.3328
  -18.3328


n =

     1


num_of_element =

     7


num_of_element =

    12


num_of_element =

    16


num_of_element =

    21


num_of_element =

    29


num_of_element =

    39


allElementPoint =

  1×2 cell 数组

    [1×104 double]    [1×104 double]

>> 

lamda=1;
circle_num=6;
H=circle_num;
L=9.4;
MULTI=1.2;  %长轴/短轴
element_sum=125;
element_space=0.4*lamda;
%-----遗传算法参数
genetic_num=100;%遗传代数
group_num=30;%种群数