ans =

  -21.1647


ans =

  -21.1647
  -21.1647
  -21.1647
  -21.1647
  -21.1647
  -21.1647
  -21.1647
  -21.1647
  -21.1647
  -21.1647
  -21.1647
  -21.1647
  -21.1647
  -21.1647
  -21.1647
  -21.1647
  -21.1647
  -21.1647
  -21.1647
  -21.1647
  -21.0733
  -21.0733
  -21.0733
  -21.0733
  -21.0733
  -21.0733
  -21.0733
  -21.0733
  -21.0733
  -21.0733
  -21.0733
  -21.0733
  -21.0733
  -21.0733
  -21.0733
  -21.0733
  -21.0733
  -21.0733
  -21.0556
  -21.0556
  -21.0556
  -21.0556
  -21.0148
  -21.0148
  -21.0148
  -21.0148
  -21.0148
  -21.0148
  -21.0148
  -21.0148
  -21.0148
  -20.9831
  -20.9831
  -20.9831
  -20.9831
  -20.9831
  -20.9831
  -20.9831
  -20.9831
  -20.9831
  -20.9831
  -20.9831
  -20.9831
  -20.9831
  -20.9430
  -20.9430
  -20.9430
  -20.9430
  -20.9430
  -20.9430
  -20.9430
  -20.9430
  -20.9430
  -20.9430
  -20.9430
  -20.9430
  -20.9430
  -20.9430
  -20.9430
  -20.9430
  -20.9331
  -20.9331
  -20.9331
  -20.9331
  -20.9331
  -20.9331
  -20.9331
  -20.9331
  -20.9331
  -20.9331
  -20.9331
  -20.9331
  -20.9331
  -20.9331
  -20.9331
  -20.9331
  -20.9331
  -20.9331
  -20.9331
  -20.9331
  -20.9331
  -20.9331
  -20.9331
  -20.9331
  -20.9331
  -20.9331
  -20.9331
  -20.9331
  -20.9331
  -20.9331
  -20.9331
  -20.9331
  -20.9331
  -20.9331
  -20.9331
  -20.9331
  -20.9331
  -20.9331
  -20.9331
  -20.9331
  -20.9331
  -20.9331
  -20.9331
  -20.9331
  -20.9331
  -20.9331
  -20.9331
  -20.9331
  -20.9331
  -20.9331
  -20.9331
  -20.9049
  -20.9049
  -20.9049
  -20.9049
  -20.9049
  -20.9049
  -20.9049
  -20.9049
  -20.9049
  -20.9049
  -20.9049
  -20.9049
  -20.9049
  -20.9049
  -20.9049
  -20.9049
  -20.9049
  -20.9049
  -20.9049
  -20.9049
  -20.9049
  -20.8856
  -20.8856
  -20.8856
  -20.8856
  -20.8856
  -20.8856
  -20.8856
  -20.8856
  -20.8856
  -20.8856
  -20.8856
  -20.8856
  -20.8856
  -20.8856
  -20.8856
  -20.8856
  -20.8856
  -20.8856
  -20.8856
  -20.8856
  -20.8856
  -20.3819
  -20.3819
  -20.3819
  -20.3819
  -20.3819
  -20.2163
  -20.2163
  -20.2163
  -20.2163
  -20.2033
  -20.1633
  -20.1633
  -20.1633
  -20.1633
  -20.0826
  -20.0826
  -20.0826
  -19.9456
  -19.9456
  -19.9456
  -19.9456
  -19.9456
  -19.9456
  -19.9456
  -19.8160
  -19.1098
  -17.8279


n =

     1


num_of_element =

     6


num_of_element =

    11


num_of_element =

    16


num_of_element =

    22


num_of_element =

    29


num_of_element =

    35


ans =

         0
    0.6683
    1.2097
    1.8287
    2.4642
    3.2244
    4.7000


allElementPoint =

  1¡Á2 cell Êý×é

    [1¡Á119 double]    [1¡Á119 double]

>> 